0,468
0,467
85,4
85,3
85,2
0,466
85,1
85,0
0,465
0,464
84,3
84,2
84,1
84,0
0,463
83,4
83,3
83,2
0,462
83,1
83,0
0,461
0,460
82,3
82,2
0,459
0,386
82,1
82,0
81,4
81,3
81,2
81,1
81,0
80,3
80,2
80,1
80,0
79,4
79,3
79,2
79,1
79,0
78,3
78,2
78,1
78,0
77,4
77,3
77,2
77,1
77,0
76,3
76,2
76,1
76,0
75,4
75,3
75,2
75,1
75,0
74,3
74,2
74,1
74,0
3,2
3,1
3,3
10,207
10,265
10,99
10,269
10,199
10,177
10,15
10,213
10,2
10,3
11,20
11,24
11,8
9,5
9,1
9,7
9,2
9,3
8,8
8,14
8,13
8,15
8,10
8,1
8,7
8,2
8,3
2,2
2,1
2,3
72,4
72,3
72,2
72,1
72,0
71,3
71,2
71,1
71,0
